Date,Close,High,Low,Open,Volume
2023-07-21,190.28652954101562,193.29042630506785,189.58263920125253,192.42792578687713,71917800
2023-07-24,191.0895233154297,193.230919269526,190.5938306479448,191.7438412670713,45377800
2023-07-25,191.95204162597656,192.76498493762563,191.25807485221583,191.66454650804036,37283200
2023-07-26,192.824462890625,193.9546416567155,191.65463536403175,192.001611182289,47471900
2023-07-27,191.5554656982422,195.50117489112708,190.89123937354253,194.33134751765755,47460200
2023-07-28,194.14300537109375,194.93611671931453,192.46756161890426,192.99299467254062,48291400
2023-07-31,194.7576446533203,194.7973085377491,193.57789369266726,194.37100498050742,38824100
2023-08-01,193.92486572265625,195.0352123410956,193.59770678100793,194.54944325919743,35175100
2023-08-02,190.92095947265625,193.49855186010876,190.1972525280745,193.35975854022544,50389300
2023-08-03,189.52313232421875,190.71279169853844,189.04727159995883,189.91969553388512,61235200
2023-08-04,180.42222595214844,185.76579240309633,180.35282171627148,183.92181504025928,115799700
2023-08-07,177.30926513671875,181.55239296699656,175.8221872019764,180.5610076771683,97576100
2023-08-08,178.25106811523438,178.71702038544473,176.05019168536276,178.1420151343907,67823000
2023-08-09,176.65493774414062,179.37132361114365,175.48509529864398,179.31184291731705,60378500
2023-08-10,176.4368438720703,179.1928938087059,176.07003615011226,177.93383023619305,54686900
2023-08-11,176.4964141845703,177.32037701982404,175.26544597344693,176.02984778529373,51988100
2023-08-14,178.15428161621094,178.38260392804418,176.01991561712387,176.67511718788185,43675600
2023-08-15,176.15887451171875,178.174103062697,175.76179096239193,177.57847773870674,43622600
2023-08-16,175.28529357910156,177.24094603057796,175.2157956243564,175.84121662599503,46964900
2023-08-17,172.7339630126953,176.21841853751462,172.21774233013375,175.85111553241612,66062900
2023-08-18,173.22042846679688,173.82599075554495,170.70883778094841,171.04636032936088,61114200
2023-08-21,174.56060791015625,174.8485063914746,172.47589631953025,173.79622123414413,46311900
2023-08-22,175.9404754638672,176.38719824747957,174.96761015656983,175.77171419662545,42084200
2023-08-23,179.80218505859375,180.2290643006026,177.032491470534,177.2211114741355,52722800
2023-08-24,175.09666442871094,179.78232293288016,174.72934624726201,179.35544373491686,54945800
2023-08-25,177.31044006347656,177.84650437604776,174.54074667761984,176.08939374478845,51449600
2023-08-28,178.87896728515625,179.27605088665493,177.25090028258217,178.77968881089737,43820700
2023-08-29,182.7803497314453,183.55467328918405,178.19396940518234,178.39251118833664,53003900
2023-08-30,186.28465270996094,186.48320962835405,183.39583737964136,183.59437915026834,60813900
2023-08-31,186.50308227539062,187.74398746995786,186.11592046059639,186.4733017625425,60794500
2023-09-01,188.08152770996094,188.53817234491697,186.91010531378714,188.11130822320726,45732600
2023-09-05,188.3197784423828,188.59774000764165,186.2449884917834,186.91011189063622,45280000
2023-09-06,181.5791778564453,187.47596172928527,180.14965265723944,187.02922374370715,81755800
2023-09-07,176.26809692382812,176.9133767073295,172.27734161590178,173.90540860928058,112488800
2023-09-08,176.88356018066406,178.92858440411607,176.4963984153427,177.05233659559462,65551300
2023-09-11,178.0549774169922,178.98814040153138,176.0496706936909,178.7598181226865,58953100
2023-09-12,175.01727294921875,178.81940831086655,173.54804542949864,178.18406545251986,90370200
2023-09-13,172.9424591064453,176.00997270905043,172.71412167424248,175.22571224634177,84267900
2023-09-14,174.46133422851562,174.81871550108795,172.3170465930817,172.73398888645488,60895800
2023-09-15,173.7366180419922,175.2157822233053,172.5552892315787,175.19592350235882,109205100
2023-09-18,176.6750946044922,178.0748391046168,174.88818834345716,175.1959303652364,67257600
2023-09-19,177.76710510253906,178.32302815377042,175.84121799808253,176.22837977645918,51826900
2023-09-20,174.21315002441406,178.3925098170354,174.1237933470795,177.95570880879336,58436200
2023-09-21,172.66448974609375,175.01725608596104,172.59500693822505,173.27998896827123,63047900
2023-09-22,173.5182342529297,175.79158086544706,172.7836281326413,173.39911221131908,56725400
2023-09-25,174.79885864257812,175.6823824720043,172.88289328236814,172.93253251615403,46172700
2023-09-26,170.7088165283203,173.92523242084695,170.41099631477684,173.5480076216062,64588900
2023-09-27,169.18995666503906,171.78096710415326,167.8200077433672,171.36402481079512,66921800
2023-09-28,169.4480743408203,170.77832096236608,166.40040416763804,168.1078907839796,56294400
2023-09-29,169.96429443359375,171.81076180692196,169.10061419351356,170.76839850543928,51814200
2023-10-02,172.4857940673828,173.03179529398386,169.6863051315917,169.9742035727841,52164500
2023-10-03,171.1456298828125,172.366691440067,169.57713912474932,171.0066491138284,49594600
2023-10-04,172.396484375,172.94248570241592,169.726053912722,169.84517596678774,53020300
2023-10-05,173.6373748779297,174.17343922355133,171.42358924241523,172.52551359241795,48527900
2023-10-06,176.1986083984375,176.69497045530053,171.91995474415313,172.53545399514545,57224100
2023-10-09,177.68768310546875,177.74724412480685,174.52089096334598,175.52353680032698,42390800
2023-10-10,177.09205627441406,178.4123811800482,176.65525523522464,176.8041729428218,43698000
2023-10-11,178.4917755126953,178.54141474149296,176.30778577549145,176.90341107776567,47551100
2023-10-12,179.39517211914062,181.01330204161414,177.73730960362397,178.75982932462722,56743100
2023-10-13,177.54869079589844,180.60626734000098,176.84385010145385,180.09998356079097,51427100
2023-10-16,177.41966247558594,177.77704377786506,175.22573542452864,175.4639946753042,52517000
2023-10-17,175.86106872558594,177.12183257732815,173.5281761730158,175.36470667426025,57549400
2023-10-18,174.56060791015625,176.2879533547619,173.8359235344459,174.3025050887744,54764400
2023-10-19,174.18338012695312,176.54605322348112,173.91534037415258,174.75914678442408,59302900
2023-10-20,171.62216186523438,174.14367462886938,171.38390260775535,174.03447436266262,64189300
2023-10-23,171.74127197265625,172.7439178760632,168.69360166729962,169.66648220683237,55980100
2023-10-24,172.17807006835938,172.4063923696406,170.20254365913797,171.7909082758531,43816600
2023-10-25,169.8551025390625,171.80083332633419,169.4083645680371,170.62942613878033,57157000
2023-10-26,165.67572021484375,170.13305676328346,164.4645956319317,169.1303957533013,70625300
2023-10-27,166.9960479736328,167.73066925493364,165.6161620916175,165.69558183671225,58499100
2023-10-30,169.0509490966797,169.9245509905925,167.6412829528071,167.7902006289594,51131000
2023-10-31,169.52749633789062,169.6565401685357,166.67836791176023,168.11782995408234,44846000
2023-11-01,172.7042236328125,172.96232646167283,168.88222955093784,169.75583166057058,56934900
2023-11-02,176.27801513671875,176.48647870246754,174.18336680542194,174.2429278242073,77334800
2023-11-03,175.3647003173828,175.53347673875106,172.08872301559984,172.97224682902157,79763700
2023-11-06,177.92593383789062,178.1244756256995,174.92791800211177,175.09667927913767,63841300
2023-11-07,180.49710083007812,181.1125849169399,177.66783112206795,177.87629469765844,70530000
2023-11-08,181.55929565429688,182.1152186825965,180.26875139702054,181.02323134779837,49340300
2023-11-09,181.08277893066406,182.7803283984379,180.48713850295357,181.62878013143776,53763500
2023-11-10,185.28753662109375,185.45653538852346,182.4346699752206,182.87204642986097,66133400
2023-11-13,183.6970977783203,184.9197527658604,183.1106225987718,184.71101456121173,43627500
2023-11-14,186.32135009765625,186.987349680322,185.18815428767326,186.579792942837,60108400
2023-11-15,186.887939453125,188.36905250310778,186.65931635404164,186.72890587030213,53790500
2023-11-16,188.5778045654297,189.82034448090351,187.52411797622008,188.43864070160558,54412900
2023-11-17,188.55792236328125,189.24380683321974,187.44461143684416,189.11457782649978,50922700
2023-11-20,190.30740356445312,190.76466491067268,188.7467813740569,188.75671623264228,46505100
2023-11-21,189.50222778320312,190.37698064874536,188.60760520178732,190.2676365405526,38134500
2023-11-22,190.16824340820312,191.77857025832532,189.6911123355231,190.34717704028523,39617700
2023-11-24,188.83624267578125,189.76068506922263,188.1205384889839,189.73086532541635,24048300
2023-11-27,188.65728759765625,189.53204043045605,187.77259990729152,188.7865165846075,40552600
2023-11-28,189.263671875,189.9396214691522,188.26963995303524,188.64737693705334,38415400
2023-11-29,188.2398223876953,190.9435904601538,187.84221568139642,189.76069003248776,43014200
2023-11-30,188.8163604736328,189.1841625986753,187.06686975200412,188.70701635554832,48794400
2023-12-01,190.09866333007812,190.41674564636727,188.10064953196948,189.19409067360718,45679300
2023-12-04,188.2994384765625,188.9157485127765,186.33125973984195,188.84615900557424,43389500
2023-12-05,192.26565551757812,193.23980256929687,189.0449865799245,189.07482149235318,66628400
2023-12-06,191.17222595214844,193.5976510937421,190.9634725753497,193.28950362567244,41089700
2023-12-07,193.110595703125,193.83623479668313,192.43464607405332,192.4744158469115,47477700
2023-12-08,194.5419921875,194.8203199094653,192.5141585929263,193.04099429291227,53377300
2023-12-11,192.02708435058594,192.33524699521988,190.27759358324766,191.9575100014726,60943700
2023-12-12,193.5479736328125,193.5579084922386,190.5758125501861,191.92769665062553,52696900
2023-12-13,196.778564453125,196.8183190559037,193.68712459255818,193.925682544677,70404200
2023-12-14,196.9276580810547,198.42864077264184,194.98929893159502,196.83819885132337,66831600
2023-12-15,196.39089965820312,197.2159328291742,195.82429416614897,196.3511298862745,128256700
2023-12-18,194.72093200683594,195.4565211628319,193.2298839751839,194.91973537751122,55751900
2023-12-19,195.7646484375,195.77458329630363,194.72091188963017,194.98930475456203,40714100
2023-12-20,193.66725158691406,196.50023361616374,193.66725158691406,195.72488988877126,52242800
2023-12-21,193.5181121826172,195.90379770975298,192.34516188676014,194.9296507492267,46482500
2023-12-22,192.44459533691406,194.24379077463595,191.8183503425399,194.01515250091973,37122800
2023-12-26,191.89785766601562,192.73284080582573,191.67916943877162,192.45451309255571,28919300
2023-12-27,191.99725341796875,192.3451706464339,189.94955015213438,191.34120389827206,48087700
2023-12-28,192.42469787597656,193.49825415286705,192.01714115491455,192.98135331561093,34049900
2023-12-29,191.38096618652344,193.23980104114617,190.58573760932344,192.7427850763616,42628800
2024-01-02,184.53208923339844,187.31538170646215,182.79253333369908,186.03307200647276,82488700
2024-01-03,183.15036010742188,184.77063680356278,182.3352467466545,183.1205403666837,58414500
2024-01-04,180.82435607910156,181.99730650228184,179.80050438167336,181.06291404030495,71983600
2024-01-05,180.09869384765625,181.6692660827433,179.09472708075188,180.90387243418792,62303300
2024-01-08,184.4525604248047,184.49233019548157,180.41679326133186,181.0032684531674,59144500
2024-01-09,184.03506469726562,184.04499955584959,181.63944418662982,182.82234457021028,42841800
2024-01-10,185.0788116455078,185.2875498615879,182.82235486658107,183.24979649333252,46792900
2024-01-11,184.4823760986328,185.93366934185158,182.524132048394,185.42670336710847,49128400
2024-01-12,184.81040954589844,185.6255229866903,184.08477050382692,184.9495734055796,40444700
2024-01-16,182.53408813476562,183.16031793652851,179.85018978995151,181.07285998444632,65603000
2024-01-17,181.58975219726562,181.83826018866833,179.2239664331644,180.18817865322478,47317400
2024-01-18,187.50424194335938,188.01119275141858,184.72094959289208,184.979392426226,78005800
2024-01-19,190.416748046875,190.80441988057507,187.69311035236996,188.2000611602168,68741000
2024-01-22,192.7328338623047,194.16424214625192,191.1125571009308,191.15232686866392,60133900
2024-01-23,194.01515197753906,194.58175747905844,192.67321792314553,193.8561183903394,42355600
2024-01-24,193.33920288085938,195.20798769039715,193.18015413797895,194.25371040083746,53631300
2024-01-25,193.0111846923828,195.0986578845498,191.95751323703675,194.0549212884663,54822100
2024-01-26,191.27163696289062,193.59766821896898,190.7945058465033,193.1106022428928,44594000
2024-01-29,190.58572387695312,191.05292006360537,188.448561449459,190.8640515837601,47145600
2024-01-30,186.91775512695312,190.65532484477694,186.35116482109103,189.80045678886228,55859400
2024-01-31,183.2994842529297,185.98338263365994,183.24979478995033,185.92372797618197,55467800
2024-02-01,185.74481201171875,185.83427124755644,182.72296153753896,182.8919451500293,64885400
2024-02-02,184.7408447265625,186.21200777158808,178.18022776276848,178.78658786144558,102518000
2024-02-05,186.55992126464844,188.12055880845503,184.73090599759692,187.02711752504118,69668800
2024-02-06,188.1702423095703,188.180177168222,185.65534280788862,185.74480203892318,43490800
2024-02-07,188.27960205078125,189.9098139006124,187.48437342868021,189.5022571462235,53439000
2024-02-08,187.19610595703125,188.40881099372643,186.23189374257132,188.25971226684047,40962000
2024-02-09,187.9624786376953,189.0971204380579,187.11646725876852,187.76340641648085,45155200
2024-02-12,186.27044677734375,187.78330749959082,185.91213805857674,187.53448242231033,41781900
2024-02-13,184.1703643798828,185.33487911795885,182.64755610649428,184.89694454758455,56529500
2024-02-14,183.2845458984375,184.65806518525375,181.58259087415234,184.44906062504626,54630500
2024-02-15,182.9959259033203,183.62296999377594,180.4977274519665,182.68738521978767,65434500
2024-02-16,181.4532012939453,183.98127264473297,180.816209688257,182.5579852711476,49701400
2024-02-20,180.7067413330078,181.57264783618368,179.15407511197006,180.93565617660207,53665600
2024-02-21,181.4631805419922,182.03049388623003,179.81097819372195,181.08496152111414,41529700
2024-02-22,183.5035400390625,184.09077884972692,181.60252771208349,182.6177232415446,52292200
2024-02-23,181.6622314453125,184.1703774935557,181.37358582743232,184.14051969682032,45119700
2024-02-26,180.30860900878906,181.90108040317875,179.8009961275691,181.38353517321784,40867400
2024-02-27,181.77171325683594,183.05564406470424,178.71613380047907,180.24890489042258,54318900
2024-02-28,180.56739807128906,182.25940572629614,179.28346722817705,181.65227187035535,48953900
2024-02-29,179.90054321289062,181.71199718953457,178.6862755375109,180.41810366151438,136682600
2024-03-01,178.815673828125,179.6815803178056,176.54639012704013,178.7061901764464,73488000
2024-03-04,174.27708435058594,176.0686126971914,172.97322823226915,175.32213749041347,81510100
2024-03-05,169.3205108642578,171.23148594158673,168.8228606299405,169.95750255670077,95132400
2024-03-06,168.32518005371094,170.43522699407845,167.88724549652,170.256065044738,68587700
2024-03-07,168.20574951171875,169.92761476617306,167.6981518296525,168.35503848083317,71765100
2024-03-08,169.92762756347656,172.8836708711805,168.14604658720506,168.20576217934803,76114600
2024-03-11,171.93814086914062,173.56048535052068,171.2414336396481,172.12725037151972,60139500
2024-03-12,172.41586303710938,173.2121062975323,170.20629520329734,172.3362371923594,59825400
2024-03-13,170.32574462890625,172.37606081011293,169.95747319192603,171.95803650796105,52488700
2024-03-14,172.1869659423828,173.49080701178275,171.2414336176872,172.0973925529764,72913500
2024-03-15,171.80874633789062,171.80874633789062,169.48969463541124,170.3655638276482,121664700
2024-03-18,172.90357971191406,176.87483361469177,172.70452267737835,174.7448914522954,75604200
2024-03-19,175.2524871826172,175.77999515234478,172.2168180823409,173.52065910891577,55215200
2024-03-20,177.83030700683594,177.83030700683594,174.2671300256647,174.89417408943874,53423100
2024-03-21,170.5646209716797,176.65586961417029,170.03711298613993,176.2179350177799,106181300
2024-03-22,171.47035217285156,172.23673773536032,169.26078406375387,170.95279171103329,71106600
2024-03-25,170.0470733642578,171.13194711675717,168.65364374159117,169.76839047714014,54288300
2024-03-26,168.9124298095703,170.61438491064948,168.78303590364706,169.20106023000122,57388400
2024-03-27,172.49551391601562,172.78415954350993,169.31055559917013,169.60914876354798,60273300
2024-03-28,170.67410278320312,171.4205780589011,169.70866021166748,170.94283813483634,65672700
2024-04-01,169.2309112548828,170.4451788535061,168.68349304450714,170.38546326457012,46240500
2024-04-02,168.04649353027344,168.54414366405445,167.43935975957754,168.28537106183597,49329500
2024-04-03,168.85269165039062,169.8778497555363,167.78772821512752,167.99673277562965,47691700
2024-04-04,168.026611328125,171.11203328162168,168.026611328125,169.48968886138192,53704400
2024-04-05,168.78302001953125,169.58921080070664,168.15597599547186,168.7929675547899,42055200
2024-04-08,167.65834045410156,168.40481571452685,167.4493358859462,168.23561647794648,37425500
2024-04-09,168.8726043701172,169.2806811483862,167.55881583801002,167.90716183961618,42451200
2024-04-10,166.99148559570312,168.29532657810816,166.3246362072623,168.0066961691415,49709300
2024-04-11,174.2173614501953,174.63540094951088,167.36970557110288,167.54885233902874,91070300
2024-04-12,175.7202911376953,177.52178245719062,173.39129181372058,173.44104468475973,101593300
2024-04-15,171.87840270996094,175.7998881273465,171.68929323241036,174.53585255667426,73531800
2024-04-16,168.583984375,172.94338974194338,167.47920033817573,170.94284143183614,73711200
2024-04-17,167.21046447753906,169.84800441976404,167.21046447753906,168.81289870293196,50901200
2024-04-18,166.2549591064453,167.8474456964944,165.7672716683895,167.24031189258443,43122900
2024-04-19,164.2245635986328,165.6179780634261,163.3088890664717,165.42888374733738,67772100
2024-04-22,165.06060791015625,166.47393259764522,163.9956444231876,164.74211969252124,48116400
2024-04-23,166.11561584472656,166.26492000363532,164.14492548116624,164.57291251221173,49537800
2024-04-24,168.2256622314453,168.50434510258808,165.42887079721268,165.75730653407012,48251800
2024-04-25,169.09156799316406,169.80818542681567,167.35973999732644,168.73325927633826,50558300
2024-04-26,168.5043487548828,170.53475474394267,168.38490238817732,169.081624768213,44838400
2024-04-29,172.68460083007812,175.20270935632288,172.28648678772151,172.55520693212748,68169400
2024-04-30,169.52951049804688,174.1676137755898,169.20105955998108,172.51541154910535,65934800
2024-05-01,168.5043487548828,171.89832652202932,168.31523926242042,168.78303163206596,50383100
2024-05-02,172.21682739257812,172.6049939419865,170.08688513916925,171.69926693100732,94214900
2024-05-03,182.51817321777344,186.12115543095717,181.80155578938326,185.7727942523785,163224100
2024-05-06,180.85604858398438,183.33433694545525,179.5721025190793,181.49304025440043,78569700
2024-05-07,181.5427703857422,184.0310211595987,180.46785941606433,182.58783874817743,77305800
2024-05-08,181.88119506835938,182.20964601288568,180.59724908638574,181.9906787165348,45057100
2024-05-09,183.7025909423828,183.79216432803474,181.25414542501753,181.70202754035518,48983000
2024-05-10,182.43685913085938,184.47001925959685,181.51994258592455,184.280653249985,50759500
2024-05-13,185.65602111816406,186.47328168344126,184.00157793065927,184.81883849593646,72044800
2024-05-14,186.80215454101562,187.66925062518712,185.66597383097238,186.88188838827716,52393600
2024-05-15,189.0845184326172,190.01139602124525,186.7423838683229,187.28058361009533,70400000
2024-05-16,189.2041015625,190.45989075478766,189.02471179656044,189.83199615864385,52845200
